    0
    0
  257
  514
  771
 1028
 1285
 1542
 1799
 2056
 2313
 2570
 2827
 3084
 3341
 3598
 3855
 4112
 4369
 4626
 4883
 5140
 5397
 5654
 5911
 6168
 6425
 6682
 6939
 7196
 7453
 7710
 7967
 8224
 8481
 8738
 8995
 9252
 9509
 9766
10023
10280
10537
10794
11051
11308
11565
11822
12079
12336
12593
12850
13107
13364
13621
13878
14135
14392
14649
14906
15163
15420
15677
15934
16191
16448
16705
16962
17219
17476
17733
17990
18247
18504
18761
19018
19275
19532
19789
20046
20303
20560
20817
21074
21331
21588
21845
22102
22359
22616
22873
23130
23387
23644
23901
24158
24415
24672
24929
25186
25443
25700
25957
26214
26471
26728
26985
27242
27499
27756
28013
28270
28527
28784
29041
29298
29555
29812
30069
30326
30583
30840
31097
31354
31611
31868
32125
32382
32639
