59360
53329
25198
31757
15918
24470
30178
34406
37459
39928
41915
43512
44994
46257
47312
38898
49088
41352
50585
51220
51796
52340
52894
53405
53907
54429
54831
55216
55651
 9536
35244
 2582
57312
62603
 6638
28599
59000
59360
59810
60218
60717
61242
61677
62276
62820
63405
63990
31590
    0
37460
 1879
 2864
 4102
 5478
 7210
 9039
11629
14865
18909
24740
33143
28282
31042
59502
63456
59502
31042
28282
33143
24740
18909
14865
11629
 9039
 7210
 5478
 4102
 2864
 1879
37460
    0
31590
63990
63405
62820
62276
61677
61242
60717
60218
59810
59360
59000
28599
 6638
62603
57312
 2582
35244
 9536
55651
55216
54831
54429
53907
53405
52894
52340
51796
51220
50585
41352
49088
38898
47312
46257
44994
43512
41915
39928
37459
34406
30178
24470
15918
31757
25198
53329
